Белов Савелий Онисимович M 1 1 3 3 4 3 5 5 5 3
Власов Арсений Пётрович M 1 2 5 5 3 5 5 5 4 3
Иванкова Устинья Марковна W 1 3 5 5 5 4 3 3 4 4
Кириллов Адольф Мартынович M 1 4 4 5 3 5 3 4 5 4
Лобанов Ким Викторович M 1 5 5 5 5 5 5 5 5 5
Николаев Мирон Сергеевич M 1 6 5 5 5 4 4 3 5 5
Павлова Земфира Львовна W 1 7 5 5 5 5 5 5 5 5
Силин Соломон Авдеевич M 1 8 5 3 4 5 5 5 4 3
Уваров Клемент Михайлович M 1 9 5 4 4 5 5 5 5 4
Федотов Максим Иринеевич M 1 10 5 4 4 5 5 4 3 3
Антонова Юлия Романовна W 2 1 5 5 5 5 5 3 4 5
Зайцев Павел Александрович M 2 2 3 3 4 5 4 4 4 3
Муравьева Дарья Матвеевна W 2 3 4 4 5 5 5 4 4 5
Мухин Дмитрий Ильич M 2 4 5 5 5 5 5 5 5 5
Пахомов Даниил Ильич M 2 5 4 5 4 4 4 4 3 5
Седов Георгий Владимирович M 2 6 4 4 4 4 4 4 4 4
Снегирев Тимур Антонович M 2 7 4 5 3 4 5 3 3 4
Царева Марина Алексеевна W 2 8 5 5 5 5 5 5 5 5
Шаров Артём Степанович M 2 9 3 3 3 3 4 3 3 4
Васильева Дарья Олеговна W 3 1 3 4 3 3 3 4 5 5
Ефремов Евгений Евгеньевич M 3 2 4 4 4 4 5 4 5 4
Игнатов Марк Кириллович M 3 3 5 5 5 5 5 5 5 5
Медведева Майя Артёмовна W 3 4 5 5 4 5 4 5 5 4
Озеров Артём Алексеевич M 3 5 4 4 5 4 4 3 4 5
Попова Василиса Никитична W 3 6 4 5 5 4 5 5 5 5
Родионов Глеб Артёмович M 3 7 4 5 3 4 5 5 3 4
Смирнов Лев Русланович M 3 8 5 5 4 5 5 5 5 4
Федоров Родион Максимович M 3 9 4 5 4 4 4 5 5 4
Баранов Тимофей Артёмович M 4 1 4 5 5 5 5 4 5 4
Зубков Владимир Лукич M 4 2 5 5 5 5 5 5 5 5
Ильина Виктория Родионовна W 4 3 4 4 3 4 3 4 3 5
Матвеева Анна Евгеньевна W 4 4 4 4 5 4 5 5 5 4
Орлов Богдан Артёмович M 4 5 5 5 3 5 4 3 5 5
Попов Денис Тимофеевич M 4 6 4 5 5 5 5 5 4 5
Розанова Анна Львовна W 4 7 5 5 5 5 5 5 5 5
Спиридонов Никита Львович M 4 8 4 4 4 4 3 4 4 5